893.07	77.08
896.35	194.28
899.63	122.48
902.91	175.28
906.19	205.90
909.46	208.01
912.74	172.11
916.02	240.74
919.30	208.01
922.57	194.28
925.85	233.35
929.12	275.58
932.40	243.91
935.68	314.65
938.95	216.45
942.23	316.76
945.50	281.92
948.78	317.82
952.05	294.59
955.32	610.30
958.60	362.17
961.87	449.80
965.15	391.73
968.42	507.88
971.69	512.10
974.96	591.29
978.24	587.07
981.51	627.19
984.78	697.93
988.05	630.36
991.32	739.11
994.59	1279.72
997.86	2856.14
1001.13	4276.29
1004.40	7344.67
1007.67	13569.05
1010.94	13888.98
1014.21	19389.03
1017.48	25452.93
1020.75	25875.28
1024.02	31338.37
1027.29	31927.55
1030.55	39120.17
1033.82	33924.21
1037.09	27701.94
1040.36	26113.90
1043.62	16164.39
1046.89	17704.91
1050.16	11069.79
1053.42	5321.61
1056.69	4704.98
1059.95	4630.01
1063.22	2118.09
1066.48	1813.99
1069.75	1408.54
1073.01	1162.52
1076.27	669.42
1079.54	536.38
1082.80	419.18
1086.07	366.39
1089.33	152.05
1092.59	215.40
1095.85	275.58
1099.12	212.23
1102.38	193.23
1105.64	303.04
1108.90	142.54
1112.16	210.12
1115.42	219.62
1118.68	177.39
1121.94	144.65
1125.20	108.76
1128.46	135.15
1131.72	192.17
1134.98	91.86
1138.24	152.05
1141.50	131.98
1144.76	71.80
1148.02	180.55
1151.27	204.84
1154.53	35.90
1157.79	96.08
1161.05	136.21
1164.30	81.30
1167.56	156.27
1170.81	124.59
1174.07	147.82
1177.33	23.23
1180.58	209.06
1183.84	103.48
1187.09	98.20
1190.35	99.25
1193.60	130.93
1196.85	121.43
1200.11	77.08
1203.36	154.16
1206.61	140.43
1209.87	102.42
1213.12	101.36
1216.37	109.81
1219.62	76.02
1222.88	164.72
1226.13	96.08
1229.38	70.74
1232.63	103.48
1235.88	72.86
1239.13	92.92
1242.38	114.03
1245.63	129.87
1248.88	48.57
1252.13	99.25
1255.38	57.02
1258.63	88.69
1261.88	111.92
1265.13	17.95
1268.37	129.87
1271.62	96.08
1274.87	86.58
1278.12	61.24
1281.36	58.07
1284.61	170.00
1287.86	78.13
1291.10	141.49
1294.35	67.58
1297.59	134.10
1300.84	114.03
1304.09	86.58
1307.33	90.81
1310.57	115.09
1313.82	54.91
1317.06	97.14
1320.31	69.69
1323.55	118.26
1326.79	71.80
1330.04	118.26
1333.28	63.35
1336.52	99.25
1339.76	66.52
1343.01	108.76
1346.25	98.20
1349.49	146.77
1352.73	15.84
1355.97	150.99
1359.21	141.49
1362.45	26.40
1365.69	107.70
1368.93	116.15
1372.17	107.70
1375.41	128.82
1378.65	60.18
1381.89	81.30
1385.12	206.95
1388.36	111.92
1391.60	69.69
1394.84	80.25
1398.08	108.76
1401.31	210.12
1404.55	12.67
1407.79	122.48
1411.02	103.48
1414.26	146.77
1417.49	62.30
1420.73	49.63
1423.96	112.98
1427.20	179.50
1430.43	109.81
1433.67	19.01
1436.90	79.19
1440.13	107.70
1443.37	80.25
1446.60	179.50
1449.83	115.09
1453.07	145.71
1456.30	54.91
1459.53	68.63
1462.76	79.19
1465.99	69.69
1469.23	146.77
1472.46	81.30
1475.69	155.21
1478.92	21.12
1482.15	50.68
1485.38	107.70
1488.61	80.25
1491.84	97.14
1495.07	122.48
1498.30	123.54
1501.52	86.58
1504.75	44.35
1507.98	105.59
1511.21	102.42
1514.44	120.37
1517.66	103.48
1520.89	63.35
1524.12	80.25
1527.34	30.62
1530.57	109.81
1533.79	36.96
1537.02	114.03
1540.25	78.13
1543.47	73.91
1546.70	80.25
1549.92	130.93
1553.14	67.58
1556.37	165.77
1559.59	49.63
1562.82	77.08
1566.04	103.48
1569.26	106.64
1572.48	95.03
1575.71	29.56
1578.93	72.86
1582.15	135.15
1585.37	107.70
1588.59	47.51
1591.81	72.86
1595.03	150.99
1598.26	-12.67
1601.48	50.68
1604.70	4.22
1607.91	80.25
1611.13	134.10
1614.35	80.25
1617.57	69.69
1620.79	66.52
1624.01	99.25
1627.23	124.59
1630.44	147.82
1633.66	105.59
1636.88	0.00
1640.10	136.21
1643.31	182.67
1646.53	99.25
1649.75	-7.39
1652.96	67.58
1656.18	105.59
1659.39	155.21
1662.61	47.51
1665.82	60.18
1669.04	121.43
1672.25	97.14
1675.46	100.31
1678.68	66.52
1681.89	86.58
1685.11	78.13
1688.32	102.42
1691.53	32.73
1694.74	161.55
1697.95	62.30
1701.17	114.03
1704.38	42.24
1707.59	76.02
1710.80	124.59
1714.01	60.18
1717.22	117.20
1720.43	124.59
1723.64	0.00
1726.85	107.70
1730.06	86.58
1733.27	51.74
1736.48	108.76
1739.69	79.19
1742.90	101.36
1746.10	48.57
1749.31	72.86
1752.52	13.73
1755.73	101.36
1758.93	30.62
1762.14	92.92
1765.35	64.41
1768.55	92.92
1771.76	99.25
1774.96	61.24
1778.17	86.58
1781.37	67.58
1784.58	57.02
1787.78	41.18
1790.99	95.03
1794.19	129.87
1797.39	71.80
1800.60	52.79
1803.80	111.92
1807.00	38.01
1810.21	117.20
1813.41	12.67
1816.61	98.20
1819.81	86.58
1823.01	85.53
1826.22	88.69
1829.42	98.20
1832.62	1.06
1835.82	110.87
1839.02	82.36
1842.22	51.74
1845.42	46.46
1848.62	124.59
1851.82	32.73
1855.01	55.96
1858.21	139.38
1861.41	125.65
1864.61	90.81
1867.81	66.52
1871.00	74.97
1874.20	63.35
1877.40	123.54
1880.59	172.11
1883.79	31.68
1886.99	66.52
1890.18	84.47
1893.38	71.80
1896.57	106.64
1899.77	120.37
1902.96	66.52
1906.16	36.96
1909.35	128.82
1912.55	114.03
1915.74	20.06
1918.93	122.48
1922.13	59.13
1925.32	167.88
1928.51	80.25
1931.70	31.68
1934.90	136.21
1938.09	179.50
1941.28	30.62
1944.47	12.67
1947.66	87.64
1950.85	156.27
1954.04	120.37
1957.23	109.81
1960.42	137.26
1963.61	183.72
1966.80	111.92
1969.99	79.19
1973.18	77.08
1976.37	144.65
1979.56	167.88
1982.74	122.48
1985.93	118.26
1989.12	220.68
1992.31	111.92
1995.49	208.01
1998.68	201.67
2001.87	316.76
2005.05	265.02
2008.24	234.40
2011.42	282.97
2014.61	461.42
2017.79	597.63
2020.98	355.83
2024.16	343.16
2027.35	444.52
2030.53	473.03
2033.71	271.36
2036.90	289.31
2040.08	344.22
2043.26	354.77
2046.45	363.22
2049.63	271.36
2052.81	332.60
2055.99	296.70
2059.17	280.86
2062.35	354.77
2065.54	196.39
2068.72	330.49
2071.90	383.28
2075.08	179.50
2078.26	223.85
2081.44	296.70
2084.62	168.94
2087.79	341.05
2090.97	183.72
2094.15	100.31
2097.33	168.94
2100.51	139.38
2103.69	172.11
2106.86	121.43
2110.04	165.77
2113.22	179.50
2116.39	104.53
2119.57	134.10
2122.75	89.75
2125.92	139.38
2129.10	105.59
2132.27	54.91
2135.45	196.39
2138.62	165.77
2141.80	164.72
2144.97	84.47
2148.14	137.26
2151.32	174.22
2154.49	84.47
2157.66	131.98
2160.84	133.04
2164.01	107.70
2167.18	159.44
2170.35	104.53
2173.53	82.36
2176.70	57.02
2179.87	145.71
2183.04	126.71
2186.21	161.55
2189.38	127.76
2192.55	149.93
2195.72	72.86
2198.89	86.58
2202.06	71.80
2205.23	164.72
2208.40	130.93
2211.57	88.69
2214.73	118.26
2217.90	197.45
2221.07	111.92
2224.24	72.86
2227.40	55.96
2230.57	69.69
2233.74	162.60
2236.90	101.36
2240.07	59.13
2243.24	39.07
2246.40	120.37
2249.57	131.98
2252.73	107.70
2255.90	146.77
2259.06	73.91
2262.22	71.80
2265.39	72.86
2268.55	120.37
2271.71	83.41
2274.88	79.19
2278.04	71.80
2281.20	135.15
2284.37	31.68
2287.53	83.41
2290.69	81.30
2293.85	101.36
2297.01	44.35
2300.17	63.35
2303.33	116.15
2306.49	-8.45
2309.65	129.87
2312.81	51.74
2315.97	85.53
2319.13	92.92
2322.29	16.89
2325.45	87.64
2328.61	61.24
2331.77	97.14
2334.92	51.74
2338.08	119.31
2341.24	79.19
2344.40	59.13
2347.55	81.30
2350.71	76.02
2353.87	63.35
2357.02	68.63
2360.18	87.64
2363.33	79.19
2366.49	114.03
2369.64	97.14
2372.80	109.81
2375.95	29.56
2379.11	92.92
2382.26	167.88
2385.41	105.59
2388.57	71.80
2391.72	80.25
2394.87	82.36
2398.03	46.46
2401.18	68.63
2404.33	96.08
2407.48	99.25
2410.63	65.46
2413.78	97.14
2416.94	68.63
2420.09	145.71
2423.24	102.42
2426.39	78.13
2429.54	54.91
2432.69	77.08
2435.83	69.69
2438.98	60.18
2442.13	83.41
2445.28	88.69
2448.43	52.79
2451.58	152.05
2454.72	52.79
2457.87	137.26
2461.02	97.14
2464.17	74.97
2467.31	70.74
2470.46	46.46
2473.60	93.97
2476.75	66.52
2479.90	32.73
2483.04	103.48
2486.19	121.43
2489.33	150.99
2492.47	62.30
2495.62	108.76
2498.76	88.69
2501.91	64.41
2505.05	111.92
2508.19	154.16
2511.34	87.64
2514.48	80.25
2517.62	80.25
2520.76	17.95
2523.90	125.65
2527.04	67.58
2530.19	72.86
2533.33	58.07
