893.07	67.58
896.35	114.03
899.63	47.51
902.91	103.48
906.19	89.75
909.46	93.97
912.74	109.81
916.02	110.87
919.30	181.61
922.57	92.92
925.85	158.38
929.12	153.10
932.40	146.77
935.68	239.68
938.95	148.88
942.23	267.14
945.50	177.39
948.78	258.69
952.05	265.02
955.32	463.53
958.60	303.04
961.87	354.77
965.15	355.83
968.42	414.96
971.69	463.53
974.96	452.97
978.24	497.32
981.51	584.95
984.78	526.88
988.05	598.68
991.32	921.78
994.59	1589.09
997.86	3272.16
1001.13	4310.08
1004.40	8623.33
1007.67	17131.57
1010.94	20055.29
1014.21	30956.15
1017.48	39529.85
1020.75	37783.43
1024.02	39111.73
1027.29	33283.29
1030.55	31361.60
1033.82	19907.47
1037.09	10702.35
1040.36	9082.64
1043.62	5029.13
1046.89	6961.38
1050.16	5178.01
1053.42	3180.30
1056.69	2599.56
1059.95	2086.41
1063.22	684.21
1066.48	526.88
1069.75	392.79
1073.01	436.08
1076.27	259.75
1079.54	387.51
1082.80	280.86
1086.07	329.43
1089.33	150.99
1092.59	234.40
1095.85	100.31
1099.12	152.05
1102.38	158.38
1105.64	150.99
1108.90	47.51
1112.16	60.18
1115.42	60.18
1118.68	106.64
1121.94	92.92
1125.20	77.08
1128.46	57.02
1131.72	16.89
1134.98	48.57
1138.24	30.62
1141.50	3.17
1144.76	65.46
1148.02	-19.01
1151.27	34.84
1154.53	17.95
1157.79	64.41
1161.05	-12.67
1164.30	26.40
1167.56	-8.45
1170.81	30.62
1174.07	24.29
1177.33	7.39
1180.58	99.25
1183.84	-12.67
1187.09	16.89
1190.35	71.80
1193.60	14.78
1196.85	17.95
1200.11	63.35
1203.36	14.78
1206.61	-7.39
1209.87	-7.39
1213.12	39.07
1216.37	24.29
1219.62	38.01
1222.88	57.02
1226.13	20.06
1229.38	-34.84
1232.63	12.67
1235.88	5.28
1239.13	20.06
1242.38	34.84
1245.63	-29.56
1248.88	57.02
1252.13	24.29
1255.38	24.29
1258.63	96.08
1261.88	-2.11
1265.13	36.96
1268.37	9.50
1271.62	21.12
1274.87	-3.17
1278.12	12.67
1281.36	-16.89
1284.61	9.50
1287.86	32.73
1291.10	34.84
1294.35	35.90
1297.59	-36.96
1300.84	5.28
1304.09	41.18
1307.33	53.85
1310.57	-12.67
1313.82	68.63
1317.06	2.11
1320.31	23.23
1323.55	-2.11
1326.79	47.51
1330.04	41.18
1333.28	-36.96
1336.52	4.22
1339.76	48.57
1343.01	5.28
1346.25	5.28
1349.49	3.17
1352.73	-15.84
1355.97	76.02
1359.21	32.73
1362.45	-23.23
1365.69	-3.17
1368.93	50.68
1372.17	-2.11
1375.41	30.62
1378.65	-16.89
1381.89	25.34
1385.12	25.34
1388.36	43.29
1391.60	-28.51
1394.84	12.67
1398.08	30.62
1401.31	40.12
1404.55	22.17
1407.79	28.51
1411.02	12.67
1414.26	52.79
1417.49	17.95
1420.73	-13.73
1423.96	30.62
1427.20	5.28
1430.43	20.06
1433.67	-4.22
1436.90	11.61
1440.13	27.45
1443.37	24.29
1446.60	32.73
1449.83	29.56
1453.07	-12.67
1456.30	72.86
1459.53	4.22
1462.76	-9.50
1465.99	5.28
1469.23	4.22
1472.46	5.28
1475.69	21.12
1478.92	15.84
1482.15	22.17
1485.38	25.34
1488.61	-4.22
1491.84	47.51
1495.07	-5.28
1498.30	79.19
1501.52	23.23
1504.75	-35.90
1507.98	17.95
1511.21	8.45
1514.44	8.45
1517.66	12.67
1520.89	-19.01
1524.12	-53.85
1527.34	55.96
1530.57	-4.22
1533.79	31.68
1537.02	63.35
1540.25	-12.67
1543.47	4.22
1546.70	30.62
1549.92	-42.24
1553.14	-43.29
1556.37	-11.61
1559.59	45.40
1562.82	-23.23
1566.04	31.68
1569.26	-10.56
1572.48	55.96
1575.71	-28.51
1578.93	-26.40
1582.15	48.57
1585.37	42.24
1588.59	-9.50
1591.81	-6.34
1595.03	32.73
1598.26	26.40
1601.48	33.79
1604.70	2.11
1607.91	-33.79
1611.13	16.89
1614.35	14.78
1617.57	-6.34
1620.79	27.45
1624.01	-14.78
1627.23	1.06
1630.44	-22.17
1633.66	26.40
1636.88	45.40
1640.10	-6.34
1643.31	7.39
1646.53	3.17
1649.75	-48.57
1652.96	79.19
1656.18	-24.29
1659.39	6.34
1662.61	0.00
1665.82	-31.68
1669.04	13.73
1672.25	9.50
1675.46	16.89
1678.68	0.00
1681.89	7.39
1685.11	30.62
1688.32	28.51
1691.53	14.78
1694.74	-30.62
1697.95	9.50
1701.17	-16.89
1704.38	-5.28
1707.59	6.34
1710.80	107.70
1714.01	9.50
1717.22	-71.80
1720.43	9.50
1723.64	-6.34
1726.85	-14.78
1730.06	26.40
1733.27	90.81
1736.48	-59.13
1739.69	-72.86
1742.90	-16.89
1746.10	49.63
1749.31	30.62
1752.52	-16.89
1755.73	-20.06
1758.93	59.13
1762.14	23.23
1765.35	-9.50
1768.55	-23.23
1771.76	29.56
1774.96	27.45
1778.17	24.29
1781.37	19.01
1784.58	-19.01
1787.78	28.51
1790.99	57.02
1794.19	30.62
1797.39	-15.84
1800.60	-6.34
1803.80	8.45
1807.00	2.11
1810.21	-16.89
1813.41	27.45
1816.61	-11.61
1819.81	-1.06
1823.01	17.95
1826.22	-32.73
1829.42	3.17
1832.62	54.91
1835.82	1.06
1839.02	11.61
1842.22	-79.19
1845.42	44.35
1848.62	3.17
1851.82	-9.50
1855.01	-12.67
1858.21	12.67
1861.41	-2.11
1864.61	-34.84
1867.81	32.73
1871.00	49.63
1874.20	-8.45
1877.40	41.18
1880.59	35.90
1883.79	61.24
1886.99	-35.90
1890.18	-21.12
1893.38	9.50
1896.57	-12.67
1899.77	0.00
1902.96	26.40
1906.16	10.56
1909.35	23.23
1912.55	-1.06
1915.74	-30.62
1918.93	49.63
1922.13	19.01
1925.32	36.96
1928.51	8.45
1931.70	5.28
1934.90	-25.34
1938.09	25.34
1941.28	33.79
1944.47	49.63
1947.66	25.34
1950.85	-17.95
1954.04	1.06
1957.23	33.79
1960.42	12.67
1963.61	35.90
1966.80	24.29
1969.99	52.79
1973.18	13.73
1976.37	136.21
1979.56	-6.34
1982.74	28.51
1985.93	16.89
1989.12	136.21
1992.31	16.89
1995.49	116.15
1998.68	128.82
2001.87	62.30
2005.05	160.49
2008.24	144.65
2011.42	161.55
2014.61	194.28
2017.79	192.17
2020.98	148.88
2024.16	92.92
2027.35	145.71
2030.53	117.20
2033.71	117.20
2036.90	97.14
2040.08	161.55
2043.26	156.27
2046.45	143.60
2049.63	114.03
2052.81	165.77
2055.99	66.52
2059.17	167.88
2062.35	145.71
2065.54	114.03
2068.72	80.25
2071.90	71.80
2075.08	65.46
2078.26	44.35
2081.44	62.30
2084.62	65.46
2087.79	84.47
2090.97	98.20
2094.15	65.46
2097.33	90.81
2100.51	61.24
2103.69	21.12
2106.86	57.02
2110.04	80.25
2113.22	-15.84
2116.39	50.68
2119.57	89.75
2122.75	1.06
2125.92	76.02
2129.10	48.57
2132.27	58.07
2135.45	52.79
2138.62	24.29
2141.80	20.06
2144.97	20.06
2148.14	74.97
2151.32	38.01
2154.49	123.54
2157.66	33.79
2160.84	89.75
2164.01	48.57
2167.18	114.03
2170.35	47.51
2173.53	34.84
2176.70	36.96
2179.87	46.46
2183.04	112.98
2186.21	71.80
2189.38	61.24
2192.55	100.31
2195.72	-12.67
2198.89	23.23
2202.06	-5.28
2205.23	50.68
2208.40	2.11
2211.57	25.34
2214.73	38.01
2217.90	43.29
2221.07	7.39
2224.24	22.17
2227.40	0.00
2230.57	-14.78
2233.74	32.73
2236.90	21.12
2240.07	49.63
2243.24	-10.56
2246.40	4.22
2249.57	-13.73
2252.73	30.62
2255.90	-25.34
2259.06	47.51
2262.22	-7.39
2265.39	-24.29
2268.55	-23.23
2271.71	-33.79
2274.88	72.86
2278.04	-31.68
2281.20	-30.62
2284.37	12.67
2287.53	-31.68
2290.69	-25.34
2293.85	-24.29
2297.01	-23.23
2300.17	25.34
2303.33	-31.68
2306.49	14.78
2309.65	10.56
2312.81	-39.07
2315.97	-77.08
2319.13	-8.45
2322.29	19.01
2325.45	17.95
2328.61	19.01
2331.77	70.74
2334.92	-65.46
2338.08	-13.73
2341.24	46.46
2344.40	-27.45
2347.55	79.19
2350.71	-25.34
2353.87	12.67
2357.02	-17.95
2360.18	-1.06
2363.33	-9.50
2366.49	-45.40
2369.64	-50.68
2372.80	13.73
2375.95	-8.45
2379.11	-7.39
2382.26	-6.34
2385.41	36.96
2388.57	-22.17
2391.72	22.17
2394.87	28.51
2398.03	26.40
2401.18	-9.50
2404.33	10.56
2407.48	13.73
2410.63	19.01
2413.78	24.29
2416.94	23.23
2420.09	20.06
2423.24	-40.12
2426.39	7.39
2429.54	34.84
2432.69	3.17
2435.83	14.78
2438.98	79.19
2442.13	-46.46
2445.28	21.12
2448.43	2.11
2451.58	-7.39
2454.72	70.74
2457.87	-1.06
2461.02	-30.62
2464.17	26.40
2467.31	-16.89
2470.46	31.68
2473.60	2.11
2476.75	40.12
2479.90	48.57
2483.04	35.90
2486.19	14.78
2489.33	2.11
2492.47	6.34
2495.62	16.89
2498.76	2.11
2501.91	0.00
2505.05	28.51
2508.19	-5.28
2511.34	28.51
2514.48	1.06
2517.62	30.62
2520.76	-13.73
2523.90	0.00
2527.04	-32.73
2530.19	-39.07
2533.33	59.13
