893.07	8.45
896.35	41.18
899.63	73.91
902.91	66.52
906.19	83.41
909.46	118.26
912.74	110.87
916.02	109.81
919.30	135.15
922.57	74.97
925.85	80.25
929.12	141.49
932.40	99.25
935.68	155.21
938.95	155.21
942.23	173.16
945.50	143.60
948.78	144.65
952.05	162.60
955.32	362.17
958.60	241.80
961.87	285.09
965.15	310.43
968.42	362.17
971.69	370.61
974.96	393.84
978.24	452.97
981.51	381.17
984.78	463.53
988.05	412.85
991.32	391.73
994.59	607.13
997.86	950.29
1001.13	1607.04
1004.40	3970.09
1007.67	12367.47
1010.94	16058.80
1014.21	25898.50
1017.48	31785.01
1020.75	34816.43
1024.02	39904.69
1027.29	29770.40
1030.55	27462.26
1033.82	16264.70
1037.09	9970.63
1040.36	7494.60
1043.62	4225.61
1046.89	5306.83
1050.16	3952.14
1053.42	2460.19
1056.69	2142.37
1059.95	1733.75
1063.22	628.25
1066.48	384.34
1069.75	328.38
1073.01	364.28
1076.27	297.76
1079.54	265.02
1082.80	195.34
1086.07	300.92
1089.33	157.33
1092.59	143.60
1095.85	110.87
1099.12	140.43
1102.38	25.34
1105.64	138.32
1108.90	43.29
1112.16	79.19
1115.42	65.46
1118.68	152.05
1121.94	47.51
1125.20	-10.56
1128.46	38.01
1131.72	49.63
1134.98	71.80
1138.24	-2.11
1141.50	17.95
1144.76	2.11
1148.02	29.56
1151.27	59.13
1154.53	-14.78
1157.79	64.41
1161.05	6.34
1164.30	20.06
1167.56	10.56
1170.81	52.79
1174.07	21.12
1177.33	10.56
1180.58	102.42
1183.84	22.17
1187.09	3.17
1190.35	5.28
1193.60	33.79
1196.85	-14.78
1200.11	46.46
1203.36	53.85
1206.61	-15.84
1209.87	-13.73
1213.12	31.68
1216.37	8.45
1219.62	74.97
1222.88	16.89
1226.13	22.17
1229.38	8.45
1232.63	-32.73
1235.88	41.18
1239.13	21.12
1242.38	2.11
1245.63	41.18
1248.88	2.11
1252.13	-2.11
1255.38	13.73
1258.63	-4.22
1261.88	52.79
1265.13	-14.78
1268.37	49.63
1271.62	28.51
1274.87	17.95
1278.12	-84.47
1281.36	49.63
1284.61	100.31
1287.86	-10.56
1291.10	22.17
1294.35	7.39
1297.59	3.17
1300.84	60.18
1304.09	31.68
1307.33	16.89
1310.57	20.06
1313.82	20.06
1317.06	-16.89
1320.31	11.61
1323.55	60.18
1326.79	-16.89
1330.04	23.23
1333.28	43.29
1336.52	-41.18
1339.76	83.41
1343.01	28.51
1346.25	-10.56
1349.49	63.35
1352.73	-16.89
1355.97	57.02
1359.21	10.56
1362.45	57.02
1365.69	16.89
1368.93	-14.78
1372.17	4.22
1375.41	38.01
1378.65	13.73
1381.89	0.00
1385.12	82.36
1388.36	-6.34
1391.60	25.34
1394.84	-15.84
1398.08	-35.90
1401.31	108.76
1404.55	-11.61
1407.79	27.45
1411.02	0.00
1414.26	29.56
1417.49	29.56
1420.73	-35.90
1423.96	36.96
1427.20	108.76
1430.43	34.84
1433.67	-21.12
1436.90	9.50
1440.13	44.35
1443.37	22.17
1446.60	-3.17
1449.83	65.46
1453.07	46.46
1456.30	14.78
1459.53	-19.01
1462.76	66.52
1465.99	1.06
1469.23	-5.28
1472.46	34.84
1475.69	-6.34
1478.92	6.34
1482.15	1.06
1485.38	6.34
1488.61	7.39
1491.84	51.74
1495.07	29.56
1498.30	24.29
1501.52	-2.11
1504.75	1.06
1507.98	-48.57
1511.21	-42.24
1514.44	39.07
1517.66	24.29
1520.89	51.74
1524.12	3.17
1527.34	7.39
1530.57	-1.06
1533.79	-34.84
1537.02	51.74
1540.25	-40.12
1543.47	45.40
1546.70	35.90
1549.92	60.18
1553.14	-28.51
1556.37	70.74
1559.59	-8.45
1562.82	4.22
1566.04	11.61
1569.26	-10.56
1572.48	40.12
1575.71	-6.34
1578.93	16.89
1582.15	26.40
1585.37	-9.50
1588.59	-19.01
1591.81	-45.40
1595.03	67.58
1598.26	-15.84
1601.48	-14.78
1604.70	8.45
1607.91	-11.61
1611.13	34.84
1614.35	8.45
1617.57	26.40
1620.79	23.23
1624.01	-16.89
1627.23	35.90
1630.44	36.96
1633.66	74.97
1636.88	-30.62
1640.10	-16.89
1643.31	74.97
1646.53	32.73
1649.75	-7.39
1652.96	6.34
1656.18	39.07
1659.39	59.13
1662.61	-8.45
1665.82	0.00
1669.04	36.96
1672.25	23.23
1675.46	34.84
1678.68	14.78
1681.89	-3.17
1685.11	27.45
1688.32	24.29
1691.53	6.34
1694.74	71.80
1697.95	-21.12
1701.17	32.73
1704.38	10.56
1707.59	-19.01
1710.80	-7.39
1714.01	49.63
1717.22	24.29
1720.43	52.79
1723.64	-7.39
1726.85	6.34
1730.06	-16.89
1733.27	-19.01
1736.48	29.56
1739.69	25.34
1742.90	24.29
1746.10	-53.85
1749.31	29.56
1752.52	26.40
1755.73	-8.45
1758.93	3.17
1762.14	51.74
1765.35	33.79
1768.55	-2.11
1771.76	33.79
1774.96	-28.51
1778.17	-12.67
1781.37	21.12
1784.58	-16.89
1787.78	-14.78
1790.99	27.45
1794.19	34.84
1797.39	-16.89
1800.60	-25.34
1803.80	22.17
1807.00	60.18
1810.21	21.12
1813.41	-7.39
1816.61	11.61
1819.81	-6.34
1823.01	38.01
1826.22	39.07
1829.42	38.01
1832.62	-35.90
1835.82	-19.01
1839.02	12.67
1842.22	-34.84
1845.42	-17.95
1848.62	71.80
1851.82	-13.73
1855.01	1.06
1858.21	39.07
1861.41	-9.50
1864.61	27.45
1867.81	-51.74
1871.00	52.79
1874.20	-106.64
1877.40	42.24
1880.59	80.25
1883.79	-15.84
1886.99	29.56
1890.18	-14.78
1893.38	-10.56
1896.57	-1.06
1899.77	111.92
1902.96	5.28
1906.16	6.34
1909.35	43.29
1912.55	48.57
1915.74	0.00
1918.93	-7.39
1922.13	12.67
1925.32	21.12
1928.51	-7.39
1931.70	21.12
1934.90	31.68
1938.09	-22.17
1941.28	25.34
1944.47	-55.96
1947.66	-15.84
1950.85	30.62
1954.04	33.79
1957.23	11.61
1960.42	6.34
1963.61	68.63
1966.80	23.23
1969.99	-9.50
1973.18	8.45
1976.37	71.80
1979.56	-67.58
1982.74	57.02
1985.93	32.73
1989.12	86.58
1992.31	14.78
1995.49	39.07
1998.68	1.06
2001.87	78.13
2005.05	30.62
2008.24	16.89
2011.42	46.46
2014.61	106.64
2017.79	122.48
2020.98	118.26
2024.16	106.64
2027.35	145.71
2030.53	102.42
2033.71	110.87
2036.90	149.93
2040.08	97.14
2043.26	67.58
2046.45	123.54
2049.63	25.34
2052.81	121.43
2055.99	28.51
2059.17	96.08
2062.35	73.91
2065.54	112.98
2068.72	50.68
2071.90	71.80
2075.08	35.90
2078.26	41.18
2081.44	85.53
2084.62	24.29
2087.79	61.24
2090.97	73.91
2094.15	41.18
2097.33	83.41
2100.51	11.61
2103.69	20.06
2106.86	26.40
2110.04	34.84
2113.22	83.41
2116.39	4.22
2119.57	51.74
2122.75	-33.79
2125.92	-8.45
2129.10	19.01
2132.27	19.01
2135.45	62.30
2138.62	39.07
2141.80	69.69
2144.97	-4.22
2148.14	50.68
2151.32	51.74
2154.49	88.69
2157.66	60.18
2160.84	47.51
2164.01	40.12
2167.18	71.80
2170.35	43.29
2173.53	19.01
2176.70	52.79
2179.87	14.78
2183.04	61.24
2186.21	63.35
2189.38	20.06
2192.55	29.56
2195.72	-14.78
2198.89	78.13
2202.06	61.24
2205.23	2.11
2208.40	44.35
2211.57	12.67
2214.73	61.24
2217.90	72.86
2221.07	31.68
2224.24	-4.22
2227.40	-33.79
2230.57	43.29
2233.74	31.68
2236.90	57.02
2240.07	9.50
2243.24	6.34
2246.40	16.89
2249.57	15.84
2252.73	17.95
2255.90	23.23
2259.06	10.56
2262.22	10.56
2265.39	20.06
2268.55	25.34
2271.71	-11.61
2274.88	71.80
2278.04	-8.45
2281.20	29.56
2284.37	-40.12
2287.53	57.02
2290.69	-7.39
2293.85	47.51
2297.01	-66.52
2300.17	-19.01
2303.33	14.78
2306.49	-15.84
2309.65	3.17
2312.81	-5.28
2315.97	-9.50
2319.13	25.34
2322.29	-26.40
2325.45	32.73
2328.61	2.11
2331.77	15.84
2334.92	-11.61
2338.08	-17.95
2341.24	49.63
2344.40	24.29
2347.55	32.73
2350.71	11.61
2353.87	-2.11
2357.02	36.96
2360.18	55.96
2363.33	10.56
2366.49	-14.78
2369.64	13.73
2372.80	20.06
2375.95	9.50
2379.11	15.84
2382.26	22.17
2385.41	38.01
2388.57	-35.90
2391.72	16.89
2394.87	-25.34
2398.03	49.63
2401.18	-2.11
2404.33	11.61
2407.48	11.61
2410.63	-6.34
2413.78	4.22
2416.94	-11.61
2420.09	28.51
2423.24	-25.34
2426.39	6.34
2429.54	10.56
2432.69	-6.34
2435.83	62.30
2438.98	11.61
2442.13	-5.28
2445.28	3.17
2448.43	-13.73
2451.58	35.90
2454.72	21.12
2457.87	28.51
2461.02	4.22
2464.17	33.79
2467.31	-1.06
2470.46	-34.84
2473.60	-26.40
2476.75	-1.06
2479.90	-39.07
2483.04	51.74
2486.19	6.34
2489.33	42.24
2492.47	-29.56
2495.62	13.73
2498.76	-3.17
2501.91	0.00
2505.05	20.06
2508.19	14.78
2511.34	6.34
2514.48	20.06
2517.62	11.61
2520.76	-62.30
2523.90	14.78
2527.04	-14.78
2530.19	-22.17
2533.33	8.45
