893.07	30.62
896.35	201.67
899.63	177.39
902.91	133.04
906.19	123.54
909.46	183.72
912.74	149.93
916.02	232.29
919.30	181.61
922.57	184.78
925.85	220.68
929.12	254.47
932.40	205.90
935.68	323.10
938.95	214.34
942.23	281.92
945.50	269.25
948.78	292.48
952.05	276.64
955.32	588.12
958.60	375.89
961.87	409.68
965.15	465.64
968.42	467.75
971.69	514.21
974.96	520.55
978.24	589.18
981.51	600.79
984.78	781.35
988.05	704.27
991.32	1055.88
994.59	1753.81
997.86	3425.26
1001.13	4256.23
1004.40	6964.55
1007.67	12238.65
1010.94	12540.63
1014.21	17929.82
1017.48	22688.64
1020.75	24796.17
1024.02	31143.04
1027.29	30734.41
1030.55	34881.89
1033.82	33019.33
1037.09	24623.01
1040.36	23203.91
1043.62	14332.45
1046.89	16076.75
1050.16	9855.54
1053.42	4876.03
1056.69	4512.81
1059.95	4169.65
1063.22	1926.97
1066.48	1629.22
1069.75	1256.49
1073.01	985.13
1076.27	675.76
1079.54	489.93
1082.80	382.23
1086.07	352.66
1089.33	204.84
1092.59	272.42
1095.85	249.19
1099.12	233.35
1102.38	181.61
1105.64	255.52
1108.90	175.28
1112.16	219.62
1115.42	147.82
1118.68	301.98
1121.94	134.10
1125.20	103.48
1128.46	130.93
1131.72	218.57
1134.98	73.91
1138.24	107.70
1141.50	130.93
1144.76	36.96
1148.02	154.16
1151.27	154.16
1154.53	93.97
1157.79	74.97
1161.05	126.71
1164.30	51.74
1167.56	143.60
1170.81	147.82
1174.07	134.10
1177.33	13.73
1180.58	227.01
1183.84	103.48
1187.09	123.54
1190.35	48.57
1193.60	114.03
1196.85	72.86
1200.11	72.86
1203.36	149.93
1206.61	212.23
1209.87	89.75
1213.12	111.92
1216.37	26.40
1219.62	107.70
1222.88	147.82
1226.13	81.30
1229.38	57.02
1232.63	58.07
1235.88	81.30
1239.13	92.92
1242.38	152.05
1245.63	150.99
1248.88	89.75
1252.13	78.13
1255.38	51.74
1258.63	116.15
1261.88	87.64
1265.13	5.28
1268.37	107.70
1271.62	67.58
1274.87	55.96
1278.12	14.78
1281.36	41.18
1284.61	215.40
1287.86	60.18
1291.10	179.50
1294.35	54.91
1297.59	105.59
1300.84	120.37
1304.09	55.96
1307.33	101.36
1310.57	120.37
1313.82	48.57
1317.06	84.47
1320.31	55.96
1323.55	127.76
1326.79	62.30
1330.04	106.64
1333.28	122.48
1336.52	50.68
1339.76	55.96
1343.01	61.24
1346.25	119.31
1349.49	145.71
1352.73	23.23
1355.97	112.98
1359.21	79.19
1362.45	14.78
1365.69	126.71
1368.93	107.70
1372.17	78.13
1375.41	156.27
1378.65	48.57
1381.89	103.48
1385.12	147.82
1388.36	161.55
1391.60	40.12
1394.84	83.41
1398.08	86.58
1401.31	187.95
1404.55	39.07
1407.79	116.15
1411.02	30.62
1414.26	145.71
1417.49	67.58
1420.73	65.46
1423.96	99.25
1427.20	117.20
1430.43	104.53
1433.67	38.01
1436.90	76.02
1440.13	65.46
1443.37	82.36
1446.60	85.53
1449.83	103.48
1453.07	120.37
1456.30	88.69
1459.53	93.97
1462.76	58.07
1465.99	53.85
1469.23	110.87
1472.46	77.08
1475.69	103.48
1478.92	-5.28
1482.15	64.41
1485.38	118.26
1488.61	54.91
1491.84	97.14
1495.07	79.19
1498.30	96.08
1501.52	126.71
1504.75	38.01
1507.98	45.40
1511.21	52.79
1514.44	108.76
1517.66	96.08
1520.89	73.91
1524.12	77.08
1527.34	65.46
1530.57	78.13
1533.79	106.64
1537.02	90.81
1540.25	30.62
1543.47	79.19
1546.70	92.92
1549.92	99.25
1553.14	128.82
1556.37	203.78
1559.59	73.91
1562.82	39.07
1566.04	89.75
1569.26	163.66
1572.48	73.91
1575.71	38.01
1578.93	110.87
1582.15	95.03
1585.37	112.98
1588.59	8.45
1591.81	42.24
1595.03	206.95
1598.26	-8.45
1601.48	71.80
1604.70	6.34
1607.91	97.14
1611.13	102.42
1614.35	86.58
1617.57	69.69
1620.79	59.13
1624.01	107.70
1627.23	155.21
1630.44	112.98
1633.66	127.76
1636.88	8.45
1640.10	165.77
1643.31	193.23
1646.53	82.36
1649.75	1.06
1652.96	65.46
1656.18	111.92
1659.39	99.25
1662.61	73.91
1665.82	22.17
1669.04	88.69
1672.25	70.74
1675.46	154.16
1678.68	46.46
1681.89	138.32
1685.11	82.36
1688.32	63.35
1691.53	68.63
1694.74	164.72
1697.95	59.13
1701.17	81.30
1704.38	100.31
1707.59	21.12
1710.80	85.53
1714.01	73.91
1717.22	96.08
1720.43	77.08
1723.64	34.84
1726.85	36.96
1730.06	57.02
1733.27	114.03
1736.48	68.63
1739.69	88.69
1742.90	152.05
1746.10	58.07
1749.31	40.12
1752.52	106.64
1755.73	32.73
1758.93	73.91
1762.14	106.64
1765.35	91.86
1768.55	90.81
1771.76	85.53
1774.96	63.35
1778.17	46.46
1781.37	90.81
1784.58	53.85
1787.78	81.30
1790.99	81.30
1794.19	155.21
1797.39	86.58
1800.60	62.30
1803.80	123.54
1807.00	49.63
1810.21	129.87
1813.41	53.85
1816.61	106.64
1819.81	79.19
1823.01	108.76
1826.22	92.92
1829.42	88.69
1832.62	61.24
1835.82	55.96
1839.02	81.30
1842.22	25.34
1845.42	34.84
1848.62	90.81
1851.82	65.46
1855.01	81.30
1858.21	90.81
1861.41	91.86
1864.61	109.81
1867.81	49.63
1871.00	91.86
1874.20	74.97
1877.40	90.81
1880.59	156.27
1883.79	15.84
1886.99	36.96
1890.18	76.02
1893.38	69.69
1896.57	112.98
1899.77	116.15
1902.96	45.40
1906.16	4.22
1909.35	74.97
1912.55	129.87
1915.74	58.07
1918.93	52.79
1922.13	130.93
1925.32	160.49
1928.51	115.09
1931.70	88.69
1934.90	100.31
1938.09	158.38
1941.28	74.97
1944.47	-28.51
1947.66	114.03
1950.85	156.27
1954.04	124.59
1957.23	70.74
1960.42	179.50
1963.61	154.16
1966.80	120.37
1969.99	135.15
1973.18	102.42
1976.37	148.88
1979.56	205.90
1982.74	182.67
1985.93	204.84
1989.12	349.49
1992.31	130.93
1995.49	338.94
1998.68	262.91
2001.87	451.91
2005.05	282.97
2008.24	345.27
2011.42	319.93
2014.61	388.56
2017.79	590.23
2020.98	424.46
2024.16	341.05
2027.35	524.77
2030.53	644.08
2033.71	345.27
2036.90	347.38
2040.08	431.85
2043.26	465.64
2046.45	549.06
2049.63	437.13
2052.81	535.33
2055.99	435.02
2059.17	405.46
2062.35	470.92
2065.54	195.34
2068.72	350.55
2071.90	386.45
2075.08	191.11
2078.26	323.10
2081.44	315.71
2084.62	176.33
2087.79	357.94
2090.97	171.05
2094.15	108.76
2097.33	189.00
2100.51	106.64
2103.69	181.61
2106.86	120.37
2110.04	174.22
2113.22	227.01
2116.39	139.38
2119.57	141.49
2122.75	96.08
2125.92	117.20
2129.10	116.15
2132.27	99.25
2135.45	122.48
2138.62	174.22
2141.80	171.05
2144.97	122.48
2148.14	115.09
2151.32	137.26
2154.49	87.64
2157.66	126.71
2160.84	143.60
2164.01	99.25
2167.18	166.83
2170.35	136.21
2173.53	93.97
2176.70	158.38
2179.87	128.82
2183.04	186.89
2186.21	166.83
2189.38	128.82
2192.55	170.00
2195.72	102.42
2198.89	66.52
2202.06	129.87
2205.23	125.65
2208.40	140.43
2211.57	79.19
2214.73	131.98
2217.90	152.05
2221.07	135.15
2224.24	54.91
2227.40	103.48
2230.57	54.91
2233.74	154.16
2236.90	101.36
2240.07	86.58
2243.24	35.90
2246.40	136.21
2249.57	86.58
2252.73	109.81
2255.90	144.65
2259.06	84.47
2262.22	74.97
2265.39	72.86
2268.55	79.19
2271.71	100.31
2274.88	102.42
2278.04	61.24
2281.20	92.92
2284.37	66.52
2287.53	49.63
2290.69	73.91
2293.85	145.71
2297.01	19.01
2300.17	97.14
2303.33	84.47
2306.49	31.68
2309.65	82.36
2312.81	72.86
2315.97	76.02
2319.13	89.75
2322.29	9.50
2325.45	110.87
2328.61	46.46
2331.77	63.35
2334.92	104.53
2338.08	104.53
2341.24	103.48
2344.40	49.63
2347.55	70.74
2350.71	57.02
2353.87	57.02
2357.02	100.31
2360.18	68.63
2363.33	41.18
2366.49	72.86
2369.64	67.58
2372.80	93.97
2375.95	42.24
2379.11	87.64
2382.26	108.76
2385.41	90.81
2388.57	73.91
2391.72	54.91
2394.87	97.14
2398.03	82.36
2401.18	27.45
2404.33	125.65
2407.48	110.87
2410.63	23.23
2413.78	74.97
2416.94	66.52
2420.09	219.62
2423.24	63.35
2426.39	50.68
2429.54	83.41
2432.69	84.47
2435.83	101.36
2438.98	112.98
2442.13	73.91
2445.28	90.81
2448.43	53.85
2451.58	104.53
2454.72	64.41
2457.87	87.64
2461.02	108.76
2464.17	70.74
2467.31	97.14
2470.46	21.12
2473.60	84.47
2476.75	52.79
2479.90	65.46
2483.04	99.25
2486.19	93.97
2489.33	118.26
2492.47	27.45
2495.62	123.54
2498.76	88.69
2501.91	97.14
2505.05	102.42
2508.19	153.10
2511.34	91.86
2514.48	108.76
2517.62	51.74
2520.76	50.68
2523.90	126.71
2527.04	78.13
2530.19	107.70
2533.33	72.86
